Batch size of 512 works for walk to point 5 agents.


XY pairs for discrete action space
Angle, x, y

Action = 0
-0.7853981633974483
-1
-1

Action = 1
0.0
-1
-1

Action = 2
0.7853981633974483
-1
-1

Action = 3
-0.7853981633974483
-1
0

Action = 4
0.0
-1
0

0.7853981633974483
-1
0

-0.7853981633974483
-1
1

0.0
-1
1

0.7853981633974483
-1
1

-0.7853981633974483
0
-1

0.0
0
-1

0.7853981633974483
0
-1

-0.7853981633974483
0
0

0.0
0
0

0.7853981633974483
0
0

-0.7853981633974483
0
1

0.0
0
1

0.7853981633974483
0
1

-0.7853981633974483
1
-1

0.0
1
-1

0.7853981633974483
1
-1

-0.7853981633974483
1
0

0.0
1
0

0.7853981633974483
1
0
